0111101001
0111011110
1110000110
1110101001
0110111000
1011011101
1101011010
0110011000
0010100100
1011011110
0000100100
0101010100
1010111111
0101110100
1111111011
0101101110
0000100100
0011010000
1001010100
1001000000
0001000110
1000001000
1000010011
1100111101
0011010100
0011001101
1010001110
0111100110
0110101011
0101100001
1011110010
0011011001
1010100111
1011000101
0001010000
1101000000
1101110000
0100111111
0011011100
1100111100
1110001000
0100010100
0111001010
1110110101
1001111010
0110001001
0010010101
0110001000
1000101001
1000101100
0010001100
1100111010
1100011010
1110001010
0100010101
0101111100
0010000000
0010110111
1001001101
0101101011
0000100001
0111111000
0001000010
0101100111
1011011110
1001010111
0011110011
0100011101
1100111010
0110010111
1100100100
0011111001
0100001101
1110101000
0001011100
0101000010
1101011001
0001011110
0100101100
0001100111
0011110111
0001110011
1111111000
1001111011
1101010010
0100000101
0111001111
1101011100
0101100010
1011000111
0010000011
0100111111
0010010001
1100110111
1000100001
0000111111
1001110011
0111111010
0011000100
1110100001
1001101011
1111110000
1011111110
1101100001
0110110011
0000110110
0110001111
0100000011
0000100011
1001101001
0011100010
0100101111
0100000110
1011100010
1101110111
0000100000
0001001000
0110010011
0001101100
0001110010
1000100100
0010101110
1101000001
0110010011
0010100000
0110110110
0111101111
1000101000
1101100010
0000100110
1111101111
1001111001
1010100001
1110010000
0001101001
1000010100
0001011100
1100101101
1000110000
0101111011
0000111110
0001000011
0110110110
1110110110
1010010000
0110111011
0111111111
0110010101
1100001010
0111100000
0110011010
0101000011
1111000111
1010111100
0000000010
1000001100
1111000011
1000110110
0001000111
0110110001
1100101001
1110110010
0110001100
0011100101
0010110111
0011101101
1110111110
0101011101
0001011010
0010101111
0111000100
1010110100
1111011111
1101110001
0000010010
0110001001
0000010100
0101111011
1101100000
1001101111
0011100000
0010011010
0111001001
1100001100
1001011101
0111001111
1010111111
1101001111
1111101101
0011110101
1111011001
0000111100
0010011110
0001001100
0111111111
1011111010
0110001110
0010010110
0010001001
1100111000